4 	|	4	
5 	|	6	
6 	|	8	9	
7 	|	10	12	
8 	|	12	15	16	
9 	|	14	18	20	
10 	|	16	21	24	25	
11 	|	18	24	28	30	
12 	|	20	27	32	35	36	
13 	|	22	30	36	40	42	
14 	|	24	33	40	45	48	49	
15 	|	26	36	44	50	54	56	
16 	|	28	39	48	55	60	63	64	
17 	|	30	42	52	60	66	70	72	
18 	|	32	45	56	65	72	77	80	81	
19 	|	34	48	60	70	78	84	88	90	
20 	|	36	51	64	75	84	91	96	99	100	
21 	|	38	54	68	80	90	98	104	108	110	
22 	|	40	57	72	85	96	105	112	117	120	121	
23 	|	42	60	76	90	102	112	120	126	130	132	
24 	|	44	63	80	95	108	119	128	135	140	143	144	
25 	|	46	66	84	100	114	126	136	144	150	154	156	
26 	|	48	69	88	105	120	133	144	153	160	165	168	169	
27 	|	50	72	92	110	126	140	152	162	170	176	180	182	
28 	|	52	75	96	115	132	147	160	171	180	187	192	195	196	
29 	|	54	78	100	120	138	154	168	180	190	198	204	208	210	
30 	|	56	81	104	125	144	161	176	189	200	209	216	221	224	225	
31 	|	58	84	108	130	150	168	184	198	210	220	228	234	238	240	
32 	|	60	87	112	135	156	175	192	207	220	231	240	247	252	255	256	
33 	|	62	90	116	140	162	182	200	216	230	242	252	260	266	270	272	
34 	|	64	93	120	145	168	189	208	225	240	253	264	273	280	285	288	289	
35 	|	66	96	124	150	174	196	216	234	250	264	276	286	294	300	304	306	
36 	|	68	99	128	155	180	203	224	243	260	275	288	299	308	315	320	323	324	
37 	|	70	102	132	160	186	210	232	252	270	286	300	312	322	330	336	340	342	
38 	|	72	105	136	165	192	217	240	261	280	297	312	325	336	345	352	357	360	361	
39 	|	74	108	140	170	198	224	248	270	290	308	324	338	350	360	368	374	378	380	
40 	|	76	111	144	175	204	231	256	279	300	319	336	351	364	375	384	391	396	399	400	
41 	|	78	114	148	180	210	238	264	288	310	330	348	364	378	390	400	408	414	418	420	
42 	|	80	117	152	185	216	245	272	297	320	341	360	377	392	405	416	425	432	437	440	441	
43 	|	82	120	156	190	222	252	280	306	330	352	372	390	406	420	432	442	450	456	460	462	
44 	|	84	123	160	195	228	259	288	315	340	363	384	403	420	435	448	459	468	475	480	483	484	
45 	|	86	126	164	200	234	266	296	324	350	374	396	416	434	450	464	476	486	494	500	504	506	
46 	|	88	129	168	205	240	273	304	333	360	385	408	429	448	465	480	493	504	513	520	525	528	529	
47 	|	90	132	172	210	246	280	312	342	370	396	420	442	462	480	496	510	522	532	540	546	550	552	
48 	|	92	135	176	215	252	287	320	351	380	407	432	455	476	495	512	527	540	551	560	567	572	575	576	
49 	|	94	138	180	220	258	294	328	360	390	418	444	468	490	510	528	544	558	570	580	588	594	598	600	
50 	|	96	141	184	225	264	301	336	369	400	429	456	481	504	525	544	561	576	589	600	609	616	621	624	625	
51 	|	98	144	188	230	270	308	344	378	410	440	468	494	518	540	560	578	594	608	620	630	638	644	648	650	
52 	|	100	147	192	235	276	315	352	387	420	451	480	507	532	555	576	595	612	627	640	651	660	667	672	675	676	
53 	|	102	150	196	240	282	322	360	396	430	462	492	520	546	570	592	612	630	646	660	672	682	690	696	700	702	
54 	|	104	153	200	245	288	329	368	405	440	473	504	533	560	585	608	629	648	665	680	693	704	713	720	725	728	729	
55 	|	106	156	204	250	294	336	376	414	450	484	516	546	574	600	624	646	666	684	700	714	726	736	744	750	754	756	
56 	|	108	159	208	255	300	343	384	423	460	495	528	559	588	615	640	663	684	703	720	735	748	759	768	775	780	783	784	
57 	|	110	162	212	260	306	350	392	432	470	506	540	572	602	630	656	680	702	722	740	756	770	782	792	800	806	810	812	
58 	|	112	165	216	265	312	357	400	441	480	517	552	585	616	645	672	697	720	741	760	777	792	805	816	825	832	837	840	841	
59 	|	114	168	220	270	318	364	408	450	490	528	564	598	630	660	688	714	738	760	780	798	814	828	840	850	858	864	868	870	
60 	|	116	171	224	275	324	371	416	459	500	539	576	611	644	675	704	731	756	779	800	819	836	851	864	875	884	891	896	899	900	
61 	|	118	174	228	280	330	378	424	468	510	550	588	624	658	690	720	748	774	798	820	840	858	874	888	900	910	918	924	928	930	
62 	|	120	177	232	285	336	385	432	477	520	561	600	637	672	705	736	765	792	817	840	861	880	897	912	925	936	945	952	957	960	961	
63 	|	122	180	236	290	342	392	440	486	530	572	612	650	686	720	752	782	810	836	860	882	902	920	936	950	962	972	980	986	990	992	
64 	|	124	183	240	295	348	399	448	495	540	583	624	663	700	735	768	799	828	855	880	903	924	943	960	975	988	999	1008	1015	1020	1023	1024	
65 	|	126	186	244	300	354	406	456	504	550	594	636	676	714	750	784	816	846	874	900	924	946	966	984	1000	1014	1026	1036	1044	1050	1054	1056	
66 	|	128	189	248	305	360	413	464	513	560	605	648	689	728	765	800	833	864	893	920	945	968	989	1008	1025	1040	1053	1064	1073	1080	1085	1088	1089	
67 	|	130	192	252	310	366	420	472	522	570	616	660	702	742	780	816	850	882	912	940	966	990	1012	1032	1050	1066	1080	1092	1102	1110	1116	1120	1122	
68 	|	132	195	256	315	372	427	480	531	580	627	672	715	756	795	832	867	900	931	960	987	1012	1035	1056	1075	1092	1107	1120	1131	1140	1147	1152	1155	1156	
69 	|	134	198	260	320	378	434	488	540	590	638	684	728	770	810	848	884	918	950	980	1008	1034	1058	1080	1100	1118	1134	1148	1160	1170	1178	1184	1188	1190	
70 	|	136	201	264	325	384	441	496	549	600	649	696	741	784	825	864	901	936	969	1000	1029	1056	1081	1104	1125	1144	1161	1176	1189	1200	1209	1216	1221	1224	1225	
71 	|	138	204	268	330	390	448	504	558	610	660	708	754	798	840	880	918	954	988	1020	1050	1078	1104	1128	1150	1170	1188	1204	1218	1230	1240	1248	1254	1258	1260	
72 	|	140	207	272	335	396	455	512	567	620	671	720	767	812	855	896	935	972	1007	1040	1071	1100	1127	1152	1175	1196	1215	1232	1247	1260	1271	1280	1287	1292	1295	1296	
73 	|	142	210	276	340	402	462	520	576	630	682	732	780	826	870	912	952	990	1026	1060	1092	1122	1150	1176	1200	1222	1242	1260	1276	1290	1302	1312	1320	1326	1330	1332	
74 	|	144	213	280	345	408	469	528	585	640	693	744	793	840	885	928	969	1008	1045	1080	1113	1144	1173	1200	1225	1248	1269	1288	1305	1320	1333	1344	1353	1360	1365	1368	1369	
75 	|	146	216	284	350	414	476	536	594	650	704	756	806	854	900	944	986	1026	1064	1100	1134	1166	1196	1224	1250	1274	1296	1316	1334	1350	1364	1376	1386	1394	1400	1404	1406	
76 	|	148	219	288	355	420	483	544	603	660	715	768	819	868	915	960	1003	1044	1083	1120	1155	1188	1219	1248	1275	1300	1323	1344	1363	1380	1395	1408	1419	1428	1435	1440	1443	1444	
77 	|	150	222	292	360	426	490	552	612	670	726	780	832	882	930	976	1020	1062	1102	1140	1176	1210	1242	1272	1300	1326	1350	1372	1392	1410	1426	1440	1452	1462	1470	1476	1480	1482	
78 	|	152	225	296	365	432	497	560	621	680	737	792	845	896	945	992	1037	1080	1121	1160	1197	1232	1265	1296	1325	1352	1377	1400	1421	1440	1457	1472	1485	1496	1505	1512	1517	1520	1521	
79 	|	154	228	300	370	438	504	568	630	690	748	804	858	910	960	1008	1054	1098	1140	1180	1218	1254	1288	1320	1350	1378	1404	1428	1450	1470	1488	1504	1518	1530	1540	1548	1554	1558	1560	
80 	|	156	231	304	375	444	511	576	639	700	759	816	871	924	975	1024	1071	1116	1159	1200	1239	1276	1311	1344	1375	1404	1431	1456	1479	1500	1519	1536	1551	1564	1575	1584	1591	1596	1599	1600	
81 	|	158	234	308	380	450	518	584	648	710	770	828	884	938	990	1040	1088	1134	1178	1220	1260	1298	1334	1368	1400	1430	1458	1484	1508	1530	1550	1568	1584	1598	1610	1620	1628	1634	1638	1640	
82 	|	160	237	312	385	456	525	592	657	720	781	840	897	952	1005	1056	1105	1152	1197	1240	1281	1320	1357	1392	1425	1456	1485	1512	1537	1560	1581	1600	1617	1632	1645	1656	1665	1672	1677	1680	1681	
83 	|	162	240	316	390	462	532	600	666	730	792	852	910	966	1020	1072	1122	1170	1216	1260	1302	1342	1380	1416	1450	1482	1512	1540	1566	1590	1612	1632	1650	1666	1680	1692	1702	1710	1716	1720	1722	
84 	|	164	243	320	395	468	539	608	675	740	803	864	923	980	1035	1088	1139	1188	1235	1280	1323	1364	1403	1440	1475	1508	1539	1568	1595	1620	1643	1664	1683	1700	1715	1728	1739	1748	1755	1760	1763	1764	
85 	|	166	246	324	400	474	546	616	684	750	814	876	936	994	1050	1104	1156	1206	1254	1300	1344	1386	1426	1464	1500	1534	1566	1596	1624	1650	1674	1696	1716	1734	1750	1764	1776	1786	1794	1800	1804	1806	
86 	|	168	249	328	405	480	553	624	693	760	825	888	949	1008	1065	1120	1173	1224	1273	1320	1365	1408	1449	1488	1525	1560	1593	1624	1653	1680	1705	1728	1749	1768	1785	1800	1813	1824	1833	1840	1845	1848	1849	
87 	|	170	252	332	410	486	560	632	702	770	836	900	962	1022	1080	1136	1190	1242	1292	1340	1386	1430	1472	1512	1550	1586	1620	1652	1682	1710	1736	1760	1782	1802	1820	1836	1850	1862	1872	1880	1886	1890	1892	
88 	|	172	255	336	415	492	567	640	711	780	847	912	975	1036	1095	1152	1207	1260	1311	1360	1407	1452	1495	1536	1575	1612	1647	1680	1711	1740	1767	1792	1815	1836	1855	1872	1887	1900	1911	1920	1927	1932	1935	1936	
89 	|	174	258	340	420	498	574	648	720	790	858	924	988	1050	1110	1168	1224	1278	1330	1380	1428	1474	1518	1560	1600	1638	1674	1708	1740	1770	1798	1824	1848	1870	1890	1908	1924	1938	1950	1960	1968	1974	1978	1980	
90 	|	176	261	344	425	504	581	656	729	800	869	936	1001	1064	1125	1184	1241	1296	1349	1400	1449	1496	1541	1584	1625	1664	1701	1736	1769	1800	1829	1856	1881	1904	1925	1944	1961	1976	1989	2000	2009	2016	2021	2024	2025	
91 	|	178	264	348	430	510	588	664	738	810	880	948	1014	1078	1140	1200	1258	1314	1368	1420	1470	1518	1564	1608	1650	1690	1728	1764	1798	1830	1860	1888	1914	1938	1960	1980	1998	2014	2028	2040	2050	2058	2064	2068	2070	
92 	|	180	267	352	435	516	595	672	747	820	891	960	1027	1092	1155	1216	1275	1332	1387	1440	1491	1540	1587	1632	1675	1716	1755	1792	1827	1860	1891	1920	1947	1972	1995	2016	2035	2052	2067	2080	2091	2100	2107	2112	2115	2116	
93 	|	182	270	356	440	522	602	680	756	830	902	972	1040	1106	1170	1232	1292	1350	1406	1460	1512	1562	1610	1656	1700	1742	1782	1820	1856	1890	1922	1952	1980	2006	2030	2052	2072	2090	2106	2120	2132	2142	2150	2156	2160	2162	
94 	|	184	273	360	445	528	609	688	765	840	913	984	1053	1120	1185	1248	1309	1368	1425	1480	1533	1584	1633	1680	1725	1768	1809	1848	1885	1920	1953	1984	2013	2040	2065	2088	2109	2128	2145	2160	2173	2184	2193	2200	2205	2208	2209	
95 	|	186	276	364	450	534	616	696	774	850	924	996	1066	1134	1200	1264	1326	1386	1444	1500	1554	1606	1656	1704	1750	1794	1836	1876	1914	1950	1984	2016	2046	2074	2100	2124	2146	2166	2184	2200	2214	2226	2236	2244	2250	2254	2256	
96 	|	188	279	368	455	540	623	704	783	860	935	1008	1079	1148	1215	1280	1343	1404	1463	1520	1575	1628	1679	1728	1775	1820	1863	1904	1943	1980	2015	2048	2079	2108	2135	2160	2183	2204	2223	2240	2255	2268	2279	2288	2295	2300	2303	2304	
97 	|	190	282	372	460	546	630	712	792	870	946	1020	1092	1162	1230	1296	1360	1422	1482	1540	1596	1650	1702	1752	1800	1846	1890	1932	1972	2010	2046	2080	2112	2142	2170	2196	2220	2242	2262	2280	2296	2310	2322	2332	2340	2346	2350	2352	
98 	|	192	285	376	465	552	637	720	801	880	957	1032	1105	1176	1245	1312	1377	1440	1501	1560	1617	1672	1725	1776	1825	1872	1917	1960	2001	2040	2077	2112	2145	2176	2205	2232	2257	2280	2301	2320	2337	2352	2365	2376	2385	2392	2397	2400	2401	
99 	|	194	288	380	470	558	644	728	810	890	968	1044	1118	1190	1260	1328	1394	1458	1520	1580	1638	1694	1748	1800	1850	1898	1944	1988	2030	2070	2108	2144	2178	2210	2240	2268	2294	2318	2340	2360	2378	2394	2408	2420	2430	2438	2444	2448	2450	
100 	|	196	291	384	475	564	651	736	819	900	979	1056	1131	1204	1275	1344	1411	1476	1539	1600	1659	1716	1771	1824	1875	1924	1971	2016	2059	2100	2139	2176	2211	2244	2275	2304	2331	2356	2379	2400	2419	2436	2451	2464	2475	2484	2491	2496	2499	2500	

4 	|	1	
5 	|	1	
6 	|	1	1	
7 	|	1	2	
8 	|	2	1	2	
9 	|	1	2	2	
10 	|	2	1	3	1	
11 	|	2	3	2	3		CONTAINS NO ONE!!!
12 	|	2	1	2	1	4	
13 	|	1	3	4	3	3	
14 	|	3	1	3	2	4	1	
15 	|	1	4	2	2	3	3	
16 	|	2	1	4	1	5	2	3	
17 	|	3	3	2	5	3	3	5		CONTAINS NO ONE!!!
18 	|	2	2	3	1	5	1	4	2	
19 	|	1	4	5	3	3	5	3	5	
20 	|	4	1	3	2	5	1	5	2	4	
21 	|	1	3	2	4	5	2	3	5	3	
22 	|	3	1	5	1	5	3	4	2	7	1	
23 	|	3	5	2	5	3	4	7	5	3	5		CONTAINS NO ONE!!!
24 	|	2	2	4	1	5	1	3	3	5	1	7	
25 	|	1	3	5	4	3	5	3	7	5	3	5	
26 	|	4	1	3	3	7	1	7	2	5	3	7	1	
27 	|	2	5	2	3	5	5	3	4	3	4	8	3		CONTAINS NO ONE!!!
28 	|	2	2	5	1	5	2	5	2	8	1	6	3	4	
29 	|	3	3	4	7	3	3	7	8	3	4	4	3	6		CONTAINS NO ONE!!!
30 	|	3	2	3	1	7	1	4	3	4	1	6	1	4	4	
31 	|	1	5	5	3	5	7	3	4	6	4	4	4	2	8	
32 	|	5	1	4	3	5	2	6	2	4	3	8	1	7	3	3	
33 	|	1	5	2	5	4	3	4	6	2	1	7	4	2	6	3	
34 	|	3	1	7	1	7	3	3	4	8	1	6	3	6	3	7	1	
35 	|	3	5	2	5	3	4	6	4	2	6	4	2	3	6	3	3		CONTAINS NO ONE!!!
36 	|	2	2	3	1	8	1	4	2	4	2	7	1	4	4	5	1	5	
37 	|	3	3	5	5	3	6	2	7	6	2	6	5	2	5	7	4	3		CONTAINS NO ONE!!!
38 	|	5	3	3	3	6	1	8	2	6	2	5	2	7	2	4	2	9	1	
39 	|	1	5	5	3	4	4	2	6	2	4	5	1	4	9	3	2	5	4	
40 	|	2	1	7	2	4	3	3	2	6	1	7	2	4	2	5	1	5	2	5	
41 	|	3	3	2	8	6	2	6	7	2	5	3	4	5	5	5	4	3	2	8		CONTAINS NO ONE!!!
42 	|	4	2	3	1	6	2	3	2	5	1	9	1	3	3	3	2	6	1	5	3	
43 	|	1	7	5	3	2	7	6	3	5	4	3	5	2	8	6	2	6	4	3	5	
44 	|	5	1	5	3	4	1	7	4	4	1	5	1	8	2	4	2	5	2	7	2	2	
45 	|	1	5	2	4	4	2	2	5	4	2	5	3	2	6	2	3	3	2	2	8	2	
46 	|	3	1	7	1	8	3	3	1	9	3	4	2	4	2	7	1	8	2	4	3	6	1	
47 	|	5	5	2	6	2	6	5	3	2	5	8	2	5	7	2	4	3	3	7	5	3	4		CONTAINS NO ONE!!!
48 	|	2	3	4	1	7	1	5	2	4	1	6	3	3	3	2	1	7	1	6	3	3	1	6	
49 	|	1	3	8	4	2	3	2	9	5	2	2	5	3	4	6	3	3	3	2	4	4	2	6	
50 	|	5	1	3	4	6	1	7	1	5	2	4	1	8	3	3	2	6	1	6	2	5	2	5	1	
51 	|	2	7	2	2	6	4	2	5	2	5	5	2	2	7	6	1	4	3	2	7	2	3	5	3	
52 	|	4	2	6	1	4	4	4	1	8	1	7	1	3	1	6	2	4	2	4	2	6	1	6	3	2	
53 	|	3	5	4	8	2	2	9	5	2	5	2	4	5	3	2	4	7	2	6	6	2	3	3	4	4		CONTAINS NO ONE!!!
54 	|	3	2	4	2	7	1	3	3	5	1	8	1	6	3	3	1	5	1	4	3	4	1	9	1	4	2	
55 	|	1	5	4	2	3	7	2	3	6	2	2	5	2	6	5	2	2	4	4	3	2	3	2	3	2	6	
56 	|	5	1	3	3	6	1	5	1	3	3	6	1	4	1	4	2	4	1	9	2	3	2	3	1	6	2	3	
57 	|	3	4	1	4	3	4	3	6	2	2	7	3	2	7	2	4	4	1	2	6	4	2	6	4	2	5	2	
58 	|	4	3	6	1	5	2	5	3	7	1	4	3	5	1	6	1	9	2	3	1	6	1	4	3	3	1	8	1	
59 	|	3	7	4	6	1	4	4	6	3	6	2	2	7	6	2	3	2	3	6	3	2	3	8	3	4	5	2	3	
60 	|	2	2	4	2	5	1	3	2	2	2	6	1	3	3	4	1	6	1	4	3	3	1	5	1	3	2	3	1	7	
61 	|	1	3	4	6	5	5	1	5	4	3	4	5	1	3	9	3	2	3	2	8	4	2	2	7	3	3	6	2	2	
62 	|	7	1	2	3	7	3	6	1	4	2	6	2	6	1	3	3	6	1	8	1	5	2	4	1	5	3	3	2	6	1	
63 	|	1	8	1	2	3	3	5	3	1	3	4	3	1	9	1	2	5	3	2	3	2	2	5	2	2	3	3	2	4	2	
64 	|	2	1	8	1	3	2	4	3	7	1	5	2	4	2	3	1	3	2	5	1	6	1	6	3	3	1	7	1	5	1	2	
65 	|	5	3	1	6	1	2	4	8	3	4	1	2	3	3	3	4	1	2	7	6	2	3	2	2	2	3	2	3	5	2	5	
66 	|	3	3	2	1	9	1	2	2	6	1	5	1	4	3	4	1	5	1	2	3	2	1	7	1	4	2	3	1	6	1	3	1	
67 	|	3	6	7	2	1	8	1	3	3	5	6	4	1	6	4	3	3	4	1	3	4	2	2	5	2	6	5	2	2	2	5	3	
68 	|	5	3	3	4	3	1	7	1	2	2	6	2	6	1	3	1	7	1	6	1	2	2	5	1	5	1	5	2	4	1	4	3	2	
69 	|	1	4	4	5	5	2	1	7	1	2	4	4	4	5	1	3	3	2	3	7	1	1	6	3	2	4	2	2	4	2	2	4	3	
70 	|	3	1	6	2	5	3	2	1	6	1	3	2	3	3	5	1	5	2	2	1	5	1	3	2	2	1	4	1	6	1	3	1	4	2	
71 	|	3	4	1	5	5	4	8	3	1	6	1	2	3	8	5	3	1	3	5	5	2	3	1	2	4	4	2	2	2	2	4	3	2	7	
72 	|	5	2	3	1	5	3	2	3	2	1	9	1	2	2	3	2	3	1	4	2	3	1	4	1	2	2	3	1	7	1	3	1	3	1	5	
73 	|	1	6	4	4	1	5	4	6	7	2	1	6	1	3	4	3	4	3	1	5	3	2	4	6	1	3	7	2	1	2	2	5	3	2	2	
74 	|	7	1	6	2	4	1	6	3	4	3	2	1	8	1	2	2	7	1	6	1	2	2	6	2	4	1	2	1	5	1	5	1	3	2	4	1	
75 	|	1	6	1	4	3	3	1	4	3	4	6	2	1	7	1	2	3	3	3	4	1	2	4	1	1	5	1	2	4	2	1	4	2	4	4	2	
76 	|	2	1	7	1	8	2	3	1	6	2	3	3	2	1	6	1	3	1	5	3	4	1	4	3	3	2	5	1	3	1	2	1	3	1	6	1	2	
77 	|	5	2	1	9	1	3	4	4	1	2	6	3	3	2	1	5	1	2	4	4	1	3	1	3	3	4	1	2	1	2	6	2	1	3	2	2	3	
78 	|	3	4	2	1	6	1	6	2	4	1	6	1	3	3	2	1	6	1	2	2	3	1	5	1	1	2	4	1	6	1	2	2	2	1	5	1	3	1	
79 	|	3	4	6	2	1	8	1	7	3	3	1	4	3	6	7	2	1	4	1	2	3	2	5	4	1	4	3	2	3	2	1	3	2	4	1	2	1	5	
80 	|	5	3	3	2	2	1	6	1	4	2	4	1	6	3	2	2	2	1	6	1	2	2	5	1	4	1	2	1	3	1	2	1	2	3	4	1	3	1	4	
81 	|	1	4	4	4	6	2	1	5	1	4	3	3	1	4	4	3	4	2	1	7	1	2	4	4	2	2	1	2	2	2	2	4	1	2	3	2	1	3	1	
82 	|	5	1	5	3	4	3	2	1	9	1	8	2	3	1	5	2	4	2	2	1	5	1	2	2	2	2	5	1	5	1	4	2	3	1	3	1	2	1	5	1	
83 	|	4	8	1	5	5	3	6	2	1	6	1	3	3	5	1	3	4	3	7	2	1	3	1	2	3	5	4	2	1	2	3	4	1	5	1	2	2	4	1	1	
84 	|	2	2	5	1	5	2	3	3	2	1	5	1	3	2	3	1	4	1	3	2	2	1	6	1	2	2	2	1	3	1	2	1	2	1	4	1	2	2	2	1	3	
85 	|	1	2	5	5	1	5	5	4	3	2	1	5	1	5	3	2	1	3	3	5	4	2	1	3	1	2	3	2	4	2	1	4	1	2	3	2	1	2	5	1	1	
86 	|	7	1	2	3	7	1	5	3	3	3	2	1	7	1	5	2	4	1	5	2	2	2	2	1	5	1	2	1	5	1	4	1	2	1	5	1	3	1	1	1	3	1	
87 	|	3	7	1	2	3	6	1	4	4	3	7	2	1	6	1	3	3	3	1	4	2	2	5	2	1	3	1	1	2	2	2	2	1	3	3	2	1	3	1	1	4	1	
88 	|	2	3	7	1	2	3	4	1	6	1	4	3	2	1	4	1	7	2	3	1	2	1	2	3	2	1	5	1	2	1	2	1	3	1	3	1	1	1	3	1	2	1	1	
89 	|	3	2	4	8	1	2	5	9	1	4	6	3	5	2	1	4	1	2	3	3	1	3	5	4	3	2	1	2	1	2	3	3	1	4	1	2	2	2	3	1	1	1	4	
90 	|	4	2	2	2	8	1	2	2	4	1	5	1	3	2	2	1	5	1	4	2	2	1	4	1	2	1	2	1	5	1	2	1	2	1	2	1	1	1	1	1	4	1	1	1	
91 	|	1	6	3	2	4	4	1	2	5	5	1	2	2	4	6	2	1	4	1	3	3	2	1	4	1	4	3	2	1	2	1	2	2	3	4	1	1	1	3	1	1	1	1	2	
92 	|	8	1	4	2	2	2	6	1	2	2	6	1	5	3	3	3	2	1	6	1	4	1	3	1	4	2	2	1	2	1	3	1	2	1	4	1	2	1	2	1	3	1	3	1	1	
93 	|	3	6	1	5	3	2	4	6	1	2	3	4	1	4	3	3	4	2	1	5	1	2	3	2	1	2	3	2	4	1	1	4	1	2	2	1	1	1	1	1	2	1	1	3	1	
94 	|	3	3	9	1	6	2	2	3	8	1	2	2	5	1	4	1	4	2	2	1	4	1	5	2	2	1	3	1	3	1	2	1	3	1	1	1	1	2	3	1	2	1	2	2	1	1	
95 	|	3	4	4	6	1	5	3	2	3	6	1	2	4	6	1	3	4	2	3	2	1	3	1	2	2	3	1	2	2	2	4	2	1	3	1	1	1	2	2	1	1	1	2	1	1	1	
96 	|	2	2	3	3	7	1	4	2	2	2	7	1	2	2	3	1	4	1	3	3	2	1	4	1	3	1	2	1	4	1	1	1	2	1	3	1	1	1	2	1	2	1	1	1	1	1	2	
97 	|	3	2	3	3	5	7	1	6	3	2	5	5	1	2	5	3	1	3	4	3	4	2	1	5	1	4	2	2	1	2	2	3	2	1	1	1	1	1	2	1	1	1	1	2	1	1	2	
98 	|	6	3	2	2	4	2	9	1	5	2	2	2	4	1	2	2	6	1	5	2	2	2	2	1	3	1	3	1	3	1	3	2	2	2	1	1	2	1	1	1	2	1	1	1	1	1	2	1	
99 	|	1	7	4	2	3	3	4	5	1	2	3	2	3	7	1	2	2	3	1	3	1	2	5	2	1	2	1	2	2	2	1	1	1	2	2	1	1	2	1	1	1	1	1	1	1	1	1	1	
100 	|	4	1	5	2	2	2	3	3	7	1	5	2	2	3	5	1	2	2	4	1	4	1	3	1	2	1	4	1	3	1	2	1	2	1	2	1	1	1	2	1	1	1	1	1	1	1	1	1	1	

11 	|	18	24	28	30	
17 	|	30	42	52	60	66	70	72	
23 	|	42	60	76	90	102	112	120	126	130	132	
27 	|	50	72	92	110	126	140	152	162	170	176	180	182	
29 	|	54	78	100	120	138	154	168	180	190	198	204	208	210	
35 	|	66	96	124	150	174	196	216	234	250	264	276	286	294	300	304	306	
37 	|	70	102	132	160	186	210	232	252	270	286	300	312	322	330	336	340	342	
41 	|	78	114	148	180	210	238	264	288	310	330	348	364	378	390	400	408	414	418	420	
47 	|	90	132	172	210	246	280	312	342	370	396	420	442	462	480	496	510	522	532	540	546	550	552	
53 	|	102	150	196	240	282	322	360	396	430	462	492	520	546	570	592	612	630	646	660	672	682	690	696	700	702	

11 	|	1	1	1	2	
17 	|	2	2	1	2	2	2	2	| ONLY ONE 1!!!
23 	|	2	2	1	2	3	1	2	2	1	3	
27 	|	1	2	1	1	2	1	1	1	1	1	3	1	
29 	|	1	2	1	2	1	1	1	3	1	1	1	1	4	
35 	|	2	1	1	2	1	2	1	1	1	2	1	2	1	2	1	1	
37 	|	2	3	3	1	1	4	1	1	1	2	2	2	2	2	1	1	2	
41 	|	2	1	1	3	4	1	2	1	1	2	1	1	1	1	1	1	1	1	2	
47 	|	2	3	1	4	1	1	2	2	1	2	2	1	2	1	1	1	1	1	1	2	1	1	
53 	|	3	2	2	1	1	2	1	2	1	2	1	1	2	1	1	1	1	1	1	1	1	1	1	1	1	

